1 64.26 144.62
2 60.04 137.31
3 74.48 161.45
4 38.09 147.05
5 83.01 109.76
6 43.35 145.62
7 58.22 134.69
8 10.56 145.15
9 45.81 137.03
10 60.48 84.52
11 35.67 150.37
12 20.75 98.25
13 65.3 128.9
14 39.11 74.91
15 24.59 168.89
16 57.82 114.64
17 31.4 83.15
18 13.32 121.0
19 2.32 158.89
20 34.57 77.95
21 49.32 165.87
22 23.74 84.87
23 19.56 162.86
24 9.48 166.89
25 13.89 99.91
26 41.36 156.43
27 64.86 123.36
28 71.12 86.0
29 36.39 84.52
30 49.23 124.98
31 56.31 98.92
32 34.93 133.57
33 29.56 71.96
34 14.5 99.93
35 66.11 89.49
36 2.39 142.12
37 82.84 104.99
38 24.84 129.17
39 38.1 164.81
40 23.48 140.21
41 47.63 129.92
42 0.54 95.47
43 2.99 136.52
44 29.77 89.25
45 76.22 122.64
46 64.23 70.28
47 44.18 119.68
48 39.43 84.07
49 68.12 147.08
50 68.17 154.23
51 61.36 149.8
52 14.9 168.7
53 70.79 112.54
54 34.8 123.71
55 75.32 84.74
56 18.65 140.34
57 44.89 147.16
58 5.17 97.18
59 5.49 79.11
60 58.68 125.04
61 37.86 141.58
62 9.47 99.13
63 89.48 83.06
64 33.64 98.41
65 24.08 115.97
66 46.89 101.58
67 89.01 150.84
68 20.29 113.96
69 68.25 82.45
70 19.05 93.32
71 82.46 144.39
72 72.28 130.36
73 79.26 150.25
74 21.56 87.25
75 68.77 140.86
76 59.44 141.94
77 50.2 129.81
78 1.36 108.5
79 28.37 158.71
80 81.75 95.66
81 46.81 93.18
82 52.13 87.93
83 57.26 140.51
84 70.25 138.71
85 49.16 124.38
86 44.89 117.77
87 8.28 159.1
88 0.71 160.2
89 58.45 156.11
90 79.62 131.1
91 71.96 151.98
92 4.79 154.8
93 81.7 101.11
94 37.56 120.83
95 72.69 133.22
96 32.3 97.9
97 47.43 88.13
98 70.27 163.63
99 65.13 92.99
100 20.26 145.43